At time 1698328431.251325406
- Translation: [1.544, 3.544, 0.000]
- Rotation: in Quaternion [0.000, 0.000, 0.000, 1.000]
- Rotation: in RPY (radian) [0.000, -0.000, 0.000]
- Rotation: in RPY (degree) [0.000, -0.000, 0.000]
- Matrix:
  1.000  0.000  0.000  1.544
  0.000  1.000  0.000  3.544
  0.000  0.000  1.000  0.000
  0.000  0.000  0.000  1.000
At time 1698328432.242988479
- Translation: [1.544, 3.544, 0.000]
- Rotation: in Quaternion [0.000, 0.000, 0.000, 1.000]
- Rotation: in RPY (radian) [0.000, -0.000, 0.000]
- Rotation: in RPY (degree) [0.000, -0.000, 0.000]
- Matrix:
  1.000  0.000  0.000  1.544
  0.000  1.000  0.000  3.544
  0.000  0.000  1.000  0.000
  0.000  0.000  0.000  1.000
At time 1698328433.251459028
- Translation: [3.437, 0.531, 0.000]
- Rotation: in Quaternion [0.000, 0.000, -0.415, 0.910]
- Rotation: in RPY (radian) [0.000, 0.000, -0.855]
- Rotation: in RPY (degree) [0.000, 0.000, -49.001]
- Matrix:
  0.656  0.755  0.000  3.437
 -0.755  0.656 -0.000  0.531
 -0.000  0.000  1.000  0.000
  0.000  0.000  0.000  1.000
At time 1698328434.243165702
- Translation: [2.029, -0.285, 0.000]
- Rotation: in Quaternion [0.000, 0.000, -0.461, 0.888]
- Rotation: in RPY (radian) [0.000, 0.000, -0.957]
- Rotation: in RPY (degree) [0.000, 0.000, -54.858]
- Matrix:
  0.576  0.818  0.000  2.029
 -0.818  0.576 -0.000 -0.285
 -0.000  0.000  1.000  0.000
  0.000  0.000  0.000  1.000
At time 1698328435.251080370
- Translation: [1.021, -0.069, 0.000]
- Rotation: in Quaternion [0.000, 0.000, -0.397, 0.918]
- Rotation: in RPY (radian) [0.000, 0.000, -0.817]
- Rotation: in RPY (degree) [0.000, 0.000, -46.833]
- Matrix:
  0.684  0.729  0.000  1.021
 -0.729  0.684 -0.000 -0.069
 -0.000  0.000  1.000  0.000
  0.000  0.000  0.000  1.000
At time 1698328436.243277674
- Translation: [1.431, -0.430, 0.000]
- Rotation: in Quaternion [0.000, 0.000, -0.008, 1.000]
- Rotation: in RPY (radian) [0.000, 0.000, -0.017]
- Rotation: in RPY (degree) [0.000, 0.000, -0.954]
- Matrix:
  1.000  0.017  0.000  1.431
 -0.017  1.000 -0.000 -0.430
 -0.000  0.000  1.000  0.000
  0.000  0.000  0.000  1.000
At time 1698328437.250824602
- Translation: [1.487, 0.423, 0.000]
- Rotation: in Quaternion [0.000, 0.000, 0.496, 0.868]
- Rotation: in RPY (radian) [0.000, -0.000, 1.039]
- Rotation: in RPY (degree) [0.000, -0.000, 59.511]
- Matrix:
  0.507 -0.862  0.000  1.487
  0.862  0.507  0.000  0.423
  0.000  0.000  1.000  0.000
  0.000  0.000  0.000  1.000
At time 1698328438.243032196
- Translation: [1.959, 1.058, 0.000]
- Rotation: in Quaternion [0.000, 0.000, 0.501, 0.865]
- Rotation: in RPY (radian) [0.000, -0.000, 1.050]
- Rotation: in RPY (degree) [0.000, -0.000, 60.183]
- Matrix:
  0.497 -0.868  0.000  1.959
  0.868  0.497  0.000  1.058
  0.000  0.000  1.000  0.000
  0.000  0.000  0.000  1.000
At time 1698328439.251685985
- Translation: [1.339, 1.428, 0.000]
- Rotation: in Quaternion [0.000, 0.000, 0.684, 0.730]
- Rotation: in RPY (radian) [0.000, -0.000, 1.506]
- Rotation: in RPY (degree) [0.000, -0.000, 86.263]
- Matrix:
  0.065 -0.998  0.000  1.339
  0.998  0.065  0.000  1.428
  0.000  0.000  1.000  0.000
  0.000  0.000  0.000  1.000
At time 1698328440.242892958
- Translation: [2.357, 1.612, 0.000]
- Rotation: in Quaternion [0.000, 0.000, 0.448, 0.894]
- Rotation: in RPY (radian) [0.000, -0.000, 0.928]
- Rotation: in RPY (degree) [0.000, -0.000, 53.187]
- Matrix:
  0.599 -0.801  0.000  2.357
  0.801  0.599  0.000  1.612
  0.000  0.000  1.000  0.000
  0.000  0.000  0.000  1.000
At time 1698328441.251568497
- Translation: [1.478, 0.933, 0.000]
- Rotation: in Quaternion [-0.000, -0.000, 0.799, 0.601]
- Rotation: in RPY (radian) [-0.000, -0.000, 1.853]
- Rotation: in RPY (degree) [-0.000, -0.000, 106.143]
- Matrix:
 -0.278 -0.961 -0.000  1.478
  0.961 -0.278  0.000  0.933
  0.000 -0.000  1.000  0.000
  0.000  0.000  0.000  1.000
At time 1698328442.243565651
- Translation: [1.719, 1.904, 0.000]
- Rotation: in Quaternion [0.000, 0.000, 0.536, 0.844]
- Rotation: in RPY (radian) [0.000, -0.000, 1.130]
- Rotation: in RPY (degree) [0.000, -0.000, 64.769]
- Matrix:
  0.426 -0.905  0.000  1.719
  0.905  0.426  0.000  1.904
  0.000  0.000  1.000  0.000
  0.000  0.000  0.000  1.000
At time 1698328443.251343249
- Translation: [3.218, 1.352, 0.000]
- Rotation: in Quaternion [0.000, 0.000, 0.185, 0.983]
- Rotation: in RPY (radian) [0.000, -0.000, 0.373]
- Rotation: in RPY (degree) [0.000, -0.000, 21.343]
- Matrix:
  0.931 -0.364  0.000  3.218
  0.364  0.931  0.000  1.352
  0.000  0.000  1.000  0.000
  0.000  0.000  0.000  1.000
At time 1698328444.243690443
- Translation: [3.744, 0.366, 0.000]
- Rotation: in Quaternion [0.000, 0.000, 0.006, 1.000]
- Rotation: in RPY (radian) [0.000, -0.000, 0.011]
- Rotation: in RPY (degree) [0.000, -0.000, 0.643]
- Matrix:
  1.000 -0.011  0.000  3.744
  0.011  1.000  0.000  0.366
  0.000  0.000  1.000  0.000
  0.000  0.000  0.000  1.000
At time 1698328445.251544061
- Translation: [2.057, 0.054, 0.000]
- Rotation: in Quaternion [0.000, 0.000, -0.042, 0.999]
- Rotation: in RPY (radian) [0.000, 0.000, -0.085]
- Rotation: in RPY (degree) [0.000, 0.000, -4.849]
- Matrix:
  0.996  0.085  0.000  2.057
 -0.085  0.996 -0.000  0.054
 -0.000  0.000  1.000  0.000
  0.000  0.000  0.000  1.000
At time 1698328446.243008965
- Translation: [1.037, 0.014, 0.000]
- Rotation: in Quaternion [0.000, 0.000, -0.055, 0.998]
- Rotation: in RPY (radian) [0.000, 0.000, -0.111]
- Rotation: in RPY (degree) [0.000, 0.000, -6.348]
- Matrix:
  0.994  0.111  0.000  1.037
 -0.111  0.994 -0.000  0.014
 -0.000  0.000  1.000  0.000
  0.000  0.000  0.000  1.000
At time 1698328447.251049113
- Translation: [0.510, 0.003, 0.000]
- Rotation: in Quaternion [0.000, 0.000, -0.062, 0.998]
- Rotation: in RPY (radian) [0.000, 0.000, -0.124]
- Rotation: in RPY (degree) [0.000, 0.000, -7.111]
- Matrix:
  0.992  0.124  0.000  0.510
 -0.124  0.992 -0.000  0.003
 -0.000  0.000  1.000  0.000
  0.000  0.000  0.000  1.000
